m	id	rep	Ta	Su	Ag	Obj	Sec	limit	gap	bin
CP	41	1	25	317	50	189	4.768	300	0
CP	41	2	25	317	50	189	5.99	300	0
CP	41	3	25	317	50	189	5.748	300	0
CP	42	1	25	340	50	199	12.667	300	0
CP	42	2	25	340	50	199	8.619	300	0
CP	42	3	25	340	50	199	9.288	300	0
CP	43	1	25	353	50	234	6.968	300	0
CP	43	2	25	353	50	234	7.231	300	0
CP	43	3	25	353	50	234	7.303	300	0
CP	44	1	25	397	50	211	20.229	300	0
CP	44	2	25	397	50	211	20.759	300	0
CP	44	3	25	397	50	211	12.993	300	0
CP	45	1	25	409	50	217	19.595	300	0
CP	45	2	25	409	50	217	21.423	300	0
CP	45	3	25	409	50	217	24.164	300	0
CP	46	1	25	413	50	224	13.61	300	0
CP	46	2	25	413	50	224	12.231	300	0
CP	46	3	25	413	50	224	11.377	300	0
CP	47	1	25	417	50	211	20.033	300	0
CP	47	2	25	417	50	211	19.481	300	0
CP	47	3	25	417	50	211	19.193	300	0
CP	48	1	25	435	50	229	13.008	300	0
CP	48	2	25	435	50	229	12.827	300	0
CP	48	3	25	435	50	229	24.707	300	0
CP	49	1	25	501	50	228	18.961	300	0
CP	49	2	25	501	50	228	26.16	300	0
CP	49	3	25	501	50	228	32.609	300	0
CP	50	1	25	506	50	229	31.797	300	0
CP	50	2	25	506	50	229	26.548	300	0
CP	50	3	25	506	50	229	26.256	300	0
CP	51	1	30	480	50	279	12.088	300	0
CP	51	2	30	480	50	279	11.956	300	0
CP	51	3	30	480	50	279	11.182	300	0
CP	52	1	30	515	50	304	13.964	300	0
CP	52	2	30	515	50	304	13.125	300	0
CP	52	3	30	515	50	304	13.501	300	0
CP	53	1	30	546	50	278	15.953	300	0
CP	53	2	30	546	50	278	14.636	300	0
CP	53	3	30	546	50	278	19.208	300	0
CP	54	1	30	550	50	262	18.141	300	0
CP	54	2	30	550	50	262	16.958	300	0
CP	54	3	30	550	50	262	16.36	300	0
CP	55	1	30	561	50	273	50.986	300	0
CP	55	2	30	561	50	273	49.068	300	0
CP	55	3	30	561	50	273	50.422	300	0
CP	56	1	30	574	50	269	46.383	300	0
CP	56	2	30	574	50	269	46.265	300	0
CP	56	3	30	574	50	269	50.743	300	0
CP	57	1	30	580	50	276	54.861	300	0
CP	57	2	30	580	50	276	51.335	300	0
CP	57	3	30	580	50	276	52.566	300	0
CP	58	1	30	607	50	259	83.773	300	0
CP	58	2	30	607	50	259	74.145	300	0
CP	58	3	30	607	50	259	72.511	300	0
CP	59	1	30	629	50	248	25.126	300	0
CP	59	2	30	629	50	248	53.05	300	0
CP	59	3	30	629	50	248	66.181	300	0
CP	60	1	30	644	50	258	72.555	300	0
CP	60	2	30	644	50	258	78.53	300	0
CP	60	3	30	644	50	258	93.053	300	0
CP	61	1	35	701	100	274	62.358	300	0
CP	61	2	35	701	100	274	50.216	300	0
CP	61	3	35	701	100	274	50.326	300	0
CP	62	1	35	724	100	286	82.191	300	0
CP	62	2	35	724	100	286	75.903	300	0
CP	62	3	35	724	100	286	68.738	300	0
CP	63	1	35	743	100	285	95.502	300	0
CP	63	2	35	743	100	285	65.716	300	0
CP	63	3	35	743	100	285	58.466	300	0
CP	64	1	35	755	100	288	112.545	300	0
CP	64	2	35	755	100	288	95.595	300	0
CP	64	3	35	755	100	288	88.159	300	0
CP	65	1	35	757	100	287	79.088	300	0
CP	65	2	35	757	100	287	73.107	300	0
CP	65	3	35	757	100	287	64.086	300	0
CP	66	1	35	793	100	294	32.54	300	0
CP	66	2	35	793	100	294	32.764	300	0
CP	66	3	35	793	100	294	63.242	300	0
CP	67	1	35	804	100	317	35.814	300	0
CP	67	2	35	804	100	317	74.474	300	0
CP	67	3	35	804	100	317	61.513	300	0
CP	68	1	35	854	100	285	5.063	300	0
CP	68	2	35	854	100	285	5.194	300	0
CP	68	3	35	854	100	285	5.927	300	0
CP	69	1	35	897	100	322	81.808	300	0
CP	69	2	35	897	100	322	91.609	300	0
CP	69	3	35	897	100	322	65.598	300	0
CP	70	1	35	904	100	318	114.094	300	0
CP	70	2	35	904	100	318	118.798	300	0
CP	70	3	35	904	100	318	124.708	300	0
CP	71	1	40	935	100	310	95.894	300	0
CP	71	2	40	935	100	310	45.585	300	0
CP	71	3	40	935	100	310	44.313	300	0
CP	72	1	40	980	100	349	131.063	300	0
CP	72	2	40	980	100	349	137.671	300	0
CP	72	3	40	980	100	349	136.074	300	0
CP	73	1	40	1000	100	316	125.445	300	0
CP	73	2	40	1000	100	316	149.762	300	0
CP	73	3	40	1000	100	316	183.383	300	0
CP	74	1	40	1015	100	335	150.21	300	0
CP	74	2	40	1015	100	335	147.523	300	0
CP	74	3	40	1015	100	335	145.999	300	0
CP	75	1	40	1041	100	360	128.623	300	0
CP	75	2	40	1041	100	360	151.793	300	0
CP	75	3	40	1041	100	360	151.32	300	0
CP	76	1	40	1042	100	326	181.526	300	0
CP	76	2	40	1042	100	326	140.599	300	0
CP	76	3	40	1042	100	326	141.727	300	0
CP	77	1	40	1045	100	335	132.693	300	0
CP	77	2	40	1045	100	335	123.674	300	0
CP	77	3	40	1045	100	335	134.738	300	0
CP	78	1	40	1066	100	363	53.177	300	0
CP	78	2	40	1066	100	363	53.076	300	0
CP	78	3	40	1066	100	363	53.185	300	0
CP	79	1	40	1072	100	348	138.768	300	0
CP	79	2	40	1072	100	348	144.59	300	0
CP	79	3	40	1072	100	348	169.105	300	0
CP	80	1	40	1080	100	339	113.566	300	0
CP	80	2	40	1080	100	339	128.405	300	0
CP	80	3	40	1080	100	339	128.708	300	0
