m	id	rep	Ta	Su	Ag	Obj	Sec	limit	gap	bin
CP	1	1	5	11	5	45	0.016	300	0
CP	1	2	5	11	5	45	0.014	300	0
CP	1	3	5	11	5	45	0.014	300	0
CP	2	1	5	13	5	77	0.016	300	0
CP	2	2	5	13	5	77	0.014	300	0
CP	2	3	5	13	5	77	0.013	300	0
CP	3	1	5	14	5	72	0.015	300	0
CP	3	2	5	14	5	72	0.013	300	0
CP	3	3	5	14	5	72	0.013	300	0
CP	4	1	5	15	5	44	0.014	300	0
CP	4	2	5	15	5	44	0.015	300	0
CP	4	3	5	15	5	44	0.014	300	0
CP	5	1	5	17	5	61	0.015	300	0
CP	5	2	5	17	5	61	0.015	300	0
CP	5	3	5	17	5	61	0.014	300	0
CP	6	1	5	17	5	71	0.014	300	0
CP	6	2	5	17	5	71	0.014	300	0
CP	6	3	5	17	5	71	0.015	300	0
CP	7	1	5	18	5	48	0.014	300	0
CP	7	2	5	18	5	48	0.014	300	0
CP	7	3	5	18	5	48	0.014	300	0
CP	8	1	5	18	5	78	0.016	300	0
CP	8	2	5	18	5	78	0.016	300	0
CP	8	3	5	18	5	78	0.015	300	0
CP	9	1	5	19	5	65	0.015	300	0
CP	9	2	5	19	5	65	0.016	300	0
CP	9	3	5	19	5	65	0.015	300	0
CP	10	1	5	20	5	64	0.015	300	0
CP	10	2	5	20	5	64	0.016	300	0
CP	10	3	5	20	5	64	0.015	300	0
CP	11	1	10	56	5	125	0.168	300	0
CP	11	2	10	56	5	125	0.118	300	0
CP	11	3	10	56	5	125	0.127	300	0
CP	12	1	10	59	5	129	0.197	300	0
CP	12	2	10	59	5	129	0.197	300	0
CP	12	3	10	59	5	129	0.375	300	0
CP	13	1	10	63	5	132	0.12	300	0
CP	13	2	10	63	5	132	0.121	300	0
CP	13	3	10	63	5	132	0.125	300	0
CP	14	1	10	64	5	140	0.159	300	0
CP	14	2	10	64	5	140	0.488	300	0
CP	14	3	10	64	5	140	0.208	300	0
CP	15	1	10	64	5	143	0.099	300	0
CP	15	2	10	64	5	143	0.078	300	0
CP	15	3	10	64	5	143	0.103	300	0
CP	16	1	10	64	5	139	0.34	300	0
CP	16	2	10	64	5	139	0.334	300	0
CP	16	3	10	64	5	139	0.354	300	0.014388489
CP	17	1	10	67	5	122	1.18	300	0
CP	17	2	10	67	5	122	1.061	300	0.024590164
CP	17	3	10	67	5	122	0.848	300	0
CP	18	1	10	70	5	135	0.131	300	0
CP	18	2	10	70	5	135	0.131	300	0
CP	18	3	10	70	5	135	0.141	300	0
CP	19	1	10	71	5	178	0.133	300	0
CP	19	2	10	71	5	178	0.127	300	0
CP	19	3	10	71	5	178	0.188	300	0
CP	20	1	10	78	5	146	0.99	300	0
CP	20	2	10	78	5	146	0.935	300	0
CP	20	3	10	78	5	146	1.03	300	0
CP	21	1	15	98	10	148	0.188	300	0
CP	21	2	15	98	10	148	0.222	300	0
CP	21	3	15	98	10	148	0.194	300	0
CP	22	1	15	110	10	169	0.32	300	0
CP	22	2	15	110	10	169	0.208	300	0
CP	22	3	15	110	10	169	0.285	300	0
CP	23	1	15	129	10	171	0.372	300	0
CP	23	2	15	129	10	171	0.496	300	0
CP	23	3	15	129	10	171	0.443	300	0
CP	24	1	15	142	10	157	0.833	300	0
CP	24	2	15	142	10	157	0.724	300	0
CP	24	3	15	142	10	157	0.517	300	0
CP	25	1	15	155	10	172	0.546	300	0
CP	25	2	15	155	10	172	0.497	300	0
CP	25	3	15	155	10	172	0.39	300	0
CP	26	1	15	157	10	185	0.399	300	0
CP	26	2	15	157	10	185	0.451	300	0
CP	26	3	15	157	10	185	0.511	300	0
CP	27	1	15	157	10	193	0.556	300	0
CP	27	2	15	157	10	193	0.668	300	0
CP	27	3	15	157	10	193	0.509	300	0
CP	28	1	15	159	10	173	0.589	300	0
CP	28	2	15	159	10	173	0.435	300	0
CP	28	3	15	159	10	173	0.4	300	0
CP	29	1	15	162	10	203	0.503	300	0
CP	29	2	15	162	10	203	0.604	300	0
CP	29	3	15	162	10	203	0.456	300	0
CP	30	1	15	183	10	190	1.203	300	0
CP	30	2	15	183	10	190	1.111	300	0
CP	30	3	15	183	10	190	1.033	300	0
CP	31	1	20	197	25	176	0.369	300	0
CP	31	2	20	197	25	176	0.317	300	0
CP	31	3	20	197	25	176	0.315	300	0
CP	32	1	20	208	25	201	0.497	300	0
CP	32	2	20	208	25	201	0.503	300	0
CP	32	3	20	208	25	201	0.567	300	0
CP	33	1	20	218	25	206	0.507	300	0
CP	33	2	20	218	25	206	0.505	300	0
CP	33	3	20	218	25	206	0.468	300	0
CP	34	1	20	220	25	184	0.121	300	0
CP	34	2	20	220	25	184	0.117	300	0
CP	34	3	20	220	25	184	0.115	300	0
CP	35	1	20	220	25	213	0.619	300	0
CP	35	2	20	220	25	213	0.602	300	0
CP	35	3	20	220	25	213	0.508	300	0
CP	36	1	20	223	25	160	0.735	300	0
CP	36	2	20	223	25	160	0.79	300	0
CP	36	3	20	223	25	160	0.761	300	0
CP	37	1	20	231	25	191	0.64	300	0
CP	37	2	20	231	25	191	0.664	300	0
CP	37	3	20	231	25	191	0.724	300	0
CP	38	1	20	255	25	182	1.723	300	0
CP	38	2	20	255	25	182	1.34	300	0
CP	38	3	20	255	25	182	1.274	300	0
CP	39	1	20	290	25	193	0.176	300	0
CP	39	2	20	290	25	193	0.171	300	0
CP	39	3	20	290	25	193	0.172	300	0
CP	40	1	20	300	25	202	0.184	300	0
CP	40	2	20	300	25	202	0.195	300	0
CP	40	3	20	300	25	202	0.183	300	0
CP	41	1	25	317	50	189	0.308	300	0
CP	41	2	25	317	50	189	0.308	300	0
CP	41	3	25	317	50	189	0.317	300	0
CP	42	1	25	340	50	199	0.368	300	0
CP	42	2	25	340	50	199	0.368	300	0
CP	42	3	25	340	50	199	0.368	300	0
CP	43	1	25	353	50	234	0.377	300	0
CP	43	2	25	353	50	234	0.381	300	0
CP	43	3	25	353	50	234	0.384	300	0
CP	44	1	25	397	50	211	0.468	300	0
CP	44	2	25	397	50	211	0.456	300	0
CP	44	3	25	397	50	211	0.453	300	0
CP	45	1	25	409	50	217	0.467	300	0
CP	45	2	25	409	50	217	0.459	300	0
CP	45	3	25	409	50	217	0.47	300	0
CP	46	1	25	413	50	223	0.48	300	0
CP	46	2	25	413	50	223	0.482	300	0
CP	46	3	25	413	50	223	0.472	300	0
CP	47	1	25	417	50	211	0.473	300	0
CP	47	2	25	417	50	211	0.481	300	0
CP	47	3	25	417	50	211	0.473	300	0
CP	48	1	25	435	50	229	4.061	300	0
CP	48	2	25	435	50	229	4.106	300	0
CP	48	3	25	435	50	229	4.03	300	0
CP	49	1	25	501	50	228	5.694	300	0
CP	49	2	25	501	50	228	6.33	300	0
CP	49	3	25	501	50	228	5.411	300	0
CP	50	1	25	506	50	228	5.299	300	0
CP	50	2	25	506	50	228	5.438	300	0
CP	50	3	25	506	50	228	5.228	300	0
CP	51	1	30	480	50	279	0.604	300	0
CP	51	2	30	480	50	279	0.605	300	0
CP	51	3	30	480	50	279	0.605	300	0
CP	52	1	30	515	50	304	4.881	300	0
CP	52	2	30	515	50	304	4.942	300	0
CP	52	3	30	515	50	304	5.351	300	0
CP	53	1	30	546	50	278	0.76	300	0
CP	53	2	30	546	50	278	0.741	300	0
CP	53	3	30	546	50	278	0.742	300	0
CP	54	1	30	550	50	262	5.652	300	0
CP	54	2	30	550	50	262	6.354	300	0
CP	54	3	30	550	50	262	6.35	300	0
CP	55	1	30	561	50	273	0.786	300	0
CP	55	2	30	561	50	273	0.786	300	0
CP	55	3	30	561	50	273	0.79	300	0
CP	56	1	30	574	50	269	0.813	300	0
CP	56	2	30	574	50	269	0.764	300	0
CP	56	3	30	574	50	269	0.816	300	0
CP	57	1	30	580	50	276	0.817	300	0
CP	57	2	30	580	50	276	0.815	300	0
CP	57	3	30	580	50	276	0.825	300	0
CP	58	1	30	607	50	259	8.207	300	0
CP	58	2	30	607	50	259	8.187	300	0
CP	58	3	30	607	50	259	13.684	300	0
CP	59	1	30	629	50	248	0.925	300	0
CP	59	2	30	629	50	248	0.927	300	0
CP	59	3	30	629	50	248	0.936	300	0
CP	60	1	30	644	50	258	9.166	300	0
CP	60	2	30	644	50	258	9.073	300	0
CP	60	3	30	644	50	258	12.3	300	0
CP	61	1	35	701	100	274	1.712	300	0
CP	61	2	35	701	100	274	1.723	300	0
CP	61	3	35	701	100	274	1.715	300	0
CP	62	1	35	724	100	286	1.79	300	0
CP	62	2	35	724	100	286	1.794	300	0
CP	62	3	35	724	100	286	1.835	300	0
CP	63	1	35	743	100	285	1.831	300	0
CP	63	2	35	743	100	285	1.83	300	0
CP	63	3	35	743	100	285	1.845	300	0
CP	64	1	35	755	100	288	1.877	300	0
CP	64	2	35	755	100	288	1.864	300	0
CP	64	3	35	755	100	288	1.871	300	0
CP	65	1	35	757	100	287	1.896	300	0
CP	65	2	35	757	100	287	1.868	300	0
CP	65	3	35	757	100	287	1.881	300	0
CP	66	1	35	793	100	294	2.035	300	0
CP	66	2	35	793	100	294	2.043	300	0
CP	66	3	35	793	100	294	2	300	0
CP	67	1	35	804	100	317	1.979	300	0
CP	67	2	35	804	100	317	1.9	300	0
CP	67	3	35	804	100	317	2.067	300	0
CP	68	1	35	854	100	285	57.038	300	0
CP	68	2	35	854	100	285	43.491	300	0
CP	68	3	35	854	100	285	41.146	300	0
CP	69	1	35	897	100	322	19.388	300	0
CP	69	2	35	897	100	322	18.138	300	0
CP	69	3	35	897	100	322	18.011	300	0
CP	70	1	35	904	100	318	2.294	300	0
CP	70	2	35	904	100	318	2.454	300	0
CP	70	3	35	904	100	318	2.454	300	0
CP	71	1	40	935	100	310	2.397	300	0
CP	71	2	40	935	100	310	2.362	300	0
CP	71	3	40	935	100	310	2.502	300	0
CP	72	1	40	980	100	349	37.192	300	0
CP	72	2	40	980	100	349	37.532	300	0
CP	72	3	40	980	100	349	37.525	300	0
CP	73	1	40	1000	100	316	2.72	300	0
CP	73	2	40	1000	100	316	2.685	300	0
CP	73	3	40	1000	100	316	2.663	300	0
CP	74	1	40	1015	100	335	2.766	300	0
CP	74	2	40	1015	100	335	2.791	300	0
CP	74	3	40	1015	100	335	2.769	300	0
CP	75	1	40	1041	100	360	2.906	300	0
CP	75	2	40	1041	100	360	2.862	300	0
CP	75	3	40	1041	100	360	2.844	300	0
CP	76	1	40	1042	100	326	2.835	300	0
CP	76	2	40	1042	100	326	2.862	300	0
CP	76	3	40	1042	100	326	2.861	300	0
CP	77	1	40	1045	100	335	2.892	300	0
CP	77	2	40	1045	100	335	2.963	300	0
CP	77	3	40	1045	100	335	2.918	300	0
CP	78	1	40	1066	100	363	2.996	300	0
CP	78	2	40	1066	100	363	3.017	300	0
CP	78	3	40	1066	100	363	3.307	300	0
CP	79	1	40	1072	100	348	3.197	300	0
CP	79	2	40	1072	100	348	3.323	300	0
CP	79	3	40	1072	100	348	3.03	300	0
CP	80	1	40	1080	100	339	82.661	300	0
CP	80	2	40	1080	100	339	70.728	300	0
CP	80	3	40	1080	100	339	73.116	300	0
