m	id	rep	Ta	Su	Ag	Obj	Sec	limit	gap	bin
CP	1	1	5	11	5	45	0.012	600	0
MIP	1	1	5	11	5	45	0.015	600	0	77
MIP2	1	1	5	11	5	45	0.016	600	0	73
CP	1	2	5	11	5	45	0.007	600	0
MIP	1	2	5	11	5	45	0.016	600	0	77
MIP2	1	2	5	11	5	45	0.016	600	0	73
CP	1	3	5	11	5	45	0.008	600	0
MIP	1	3	5	11	5	45	0.016	600	0	77
MIP2	1	3	5	11	5	45	0	600	0	73
CP	2	1	5	13	5	77	0.009	600	0
MIP	2	1	5	13	5	77	0.016	600	0	110
MIP2	2	1	5	13	5	77	0	600	0	108
CP	2	2	5	13	5	77	0.008	600	0
MIP	2	2	5	13	5	77	0.016	600	0	110
MIP2	2	2	5	13	5	77	0.016	600	0	108
CP	2	3	5	13	5	77	0.007	600	0
MIP	2	3	5	13	5	77	0.031	600	0	110
MIP2	2	3	5	13	5	77	0.015	600	0	108
CP	3	1	5	14	5	74	0.009	600	0
MIP	3	1	5	14	5	74	0.062	600	0	132
MIP2	3	1	5	14	5	74	0.047	600	0	122
CP	3	2	5	14	5	74	0.012	600	0
MIP	3	2	5	14	5	74	0.063	600	0	132
MIP2	3	2	5	14	5	74	0.032	600	0	122
CP	3	3	5	14	5	74	0.011	600	0
MIP	3	3	5	14	5	74	0.047	600	0	132
MIP2	3	3	5	14	5	74	0.047	600	0	122
CP	4	1	5	15	5	44	0.008	600	0
MIP	4	1	5	15	5	44	0.031	600	0	149
MIP2	4	1	5	15	5	44	0.015	600	0	142
CP	4	2	5	15	5	44	0.009	600	0
MIP	4	2	5	15	5	44	0.031	600	0	149
MIP2	4	2	5	15	5	44	0.031	600	0	142
CP	4	3	5	15	5	44	0.008	600	0
MIP	4	3	5	15	5	44	0.047	600	0	149
MIP2	4	3	5	15	5	44	0.016	600	0	142
CP	5	1	5	17	5	70	0.095	600	0
MIP	5	1	5	17	5	70	0.172	600	0	226
MIP2	5	1	5	17	5	70	0.204	600	0	197
CP	5	2	5	17	5	70	0.025	600	0
MIP	5	2	5	17	5	70	0.188	600	0	226
MIP2	5	2	5	17	5	70	0.171	600	0	197
CP	5	3	5	17	5	70	0.035	600	0
MIP	5	3	5	17	5	70	0.219	600	0	226
MIP2	5	3	5	17	5	70	0.218	600	0	197
CP	6	1	5	17	5	75	0.012	600	0
MIP	6	1	5	17	5	75	0.031	600	0	192
MIP2	6	1	5	17	5	75	0.046	600	0	179
CP	6	2	5	17	5	75	0.014	600	0
MIP	6	2	5	17	5	75	0.047	600	0	192
MIP2	6	2	5	17	5	75	0.046	600	0	179
CP	6	3	5	17	5	75	0.014	600	0
MIP	6	3	5	17	5	75	0.031	600	0	192
MIP2	6	3	5	17	5	75	0.046	600	0	179
CP	7	1	5	18	5	54	0.021	600	0
MIP	7	1	5	18	5	54	0.063	600	0	205
MIP2	7	1	5	18	5	54	0.063	600	0	198
CP	7	2	5	18	5	54	0.02	600	0
MIP	7	2	5	18	5	54	0.047	600	0	205
MIP2	7	2	5	18	5	54	0.11	600	0	198
CP	7	3	5	18	5	54	0.026	600	0
MIP	7	3	5	18	5	54	0.125	600	0	205
MIP2	7	3	5	18	5	54	0.078	600	0	198
CP	8	1	5	18	5	79	0.012	600	0
MIP	8	1	5	18	5	79	0.046	600	0	203
MIP2	8	1	5	18	5	79	0.063	600	0	194
CP	8	2	5	18	5	79	0.012	600	0
MIP	8	2	5	18	5	79	0.047	600	0	203
MIP2	8	2	5	18	5	79	0.031	600	0	194
CP	8	3	5	18	5	79	0.014	600	0
MIP	8	3	5	18	5	79	0.047	600	0	203
MIP2	8	3	5	18	5	79	0.047	600	0	194
CP	9	1	5	19	5	65	0.01	600	0
MIP	9	1	5	19	5	65	0.079	600	0	259
MIP2	9	1	5	19	5	65	0.078	600	0	233
CP	9	2	5	19	5	65	0.01	600	0
MIP	9	2	5	19	5	65	0.063	600	0	259
MIP2	9	2	5	19	5	65	0.094	600	0	233
CP	9	3	5	19	5	65	0.011	600	0
MIP	9	3	5	19	5	65	0.078	600	0	259
MIP2	9	3	5	19	5	65	0.094	600	0	233
CP	10	1	5	20	5	78	0.262	600	0
MIP	10	1	5	20	5	78	0.266	600	0	285
MIP2	10	1	5	20	5	78	0.375	600	0	266
CP	10	2	5	20	5	78	0.376	600	0
MIP	10	2	5	20	5	78	0.234	600	0	285
MIP2	10	2	5	20	5	78	0.406	600	0	266
CP	10	3	5	20	5	78	0.354	600	0
MIP	10	3	5	20	5	78	0.344	600	0	285
MIP2	10	3	5	20	5	78	0.344	600	0	266
CP	11	1	10	56	5	132	1.54	600	0
MIP	11	1	10	56	5	132	42.313	600	0	1570
MIP2	11	1	10	56	5	132	23.406	600	0	1402
CP	11	2	10	56	5	132	1.375	600	0
MIP	11	2	10	56	5	132	43.187	600	0	1570
MIP2	11	2	10	56	5	132	35.218	600	0.000060606	1402
CP	11	3	10	56	5	132	1.463	600	0
MIP	11	3	10	56	5	132	54.297	600	0	1570
MIP2	11	3	10	56	5	132	22.141	600	0	1402
CP	12	1	10	59	5	142	2.591	600	0
MIP	12	1	10	59	5	142	217.156	600	7.052823617e-08	1953
MIP2	12	1	10	59	5	142	45.062	600	0	1679
CP	12	2	10	59	5	142	2.163	600	0
MIP	12	2	10	59	5	142	145.734	600	7.052820735e-08	1953
MIP2	12	2	10	59	5	142	35.703	600	0	1679
CP	12	3	10	59	5	142	3.041	600	0
MIP	12	3	10	59	5	142	144.094	600	7.052957700e-08	1953
MIP2	12	3	10	59	5	142	86.375	600	0	1679
CP	13	1	10	63	5	147	3.308	600	0
MIP	13	1	10	63	5	147	92.938	600	6.814829938e-08	1956
MIP2	13	1	10	63	5	147	108.312	600	0	1717
CP	13	2	10	63	5	147	2.771	600	0
MIP	13	2	10	63	5	147	98.188	600	6.814353980e-08	1956
MIP2	13	2	10	63	5	147	97.657	600	0	1717
CP	13	3	10	63	5	147	3.016	600	0
MIP	13	3	10	63	5	147	91.094	600	6.814966342e-08	1956
MIP2	13	3	10	63	5	147	180.922	600	0	1717
CP	14	1	10	64	5	154	3.756	600	0
MIP	14	1	10	64	5	154	99.984	600	0	2075
MIP2	14	1	10	64	5	154	116.625	600	0	1841
CP	14	2	10	64	5	154	3.436	600	0
MIP	14	2	10	64	5	154	119.547	600	6.503636380e-08	2075
MIP2	14	2	10	64	5	154	124.703	600	0	1841
CP	14	3	10	64	5	154	3.407	600	0
MIP	14	3	10	64	5	153.999999998	145.781	600	6.502272784e-08	2075
MIP2	14	3	10	64	5	154	130.969	600	0	1841
CP	15	1	10	64	5	143	0.51	600	0
MIP	15	1	10	64	5	143	31.984	600	0	2294
MIP2	15	1	10	64	5	143	19.844	600	0	1943
CP	15	2	10	64	5	143	0.716	600	0
MIP	15	2	10	64	5	143	43.641	600	0	2294
MIP2	15	2	10	64	5	143	41.141	600	0	1943
CP	15	3	10	64	5	143	0.627	600	0
MIP	15	3	10	64	5	143	31.797	600	0	2294
MIP2	15	3	10	64	5	143	73.203	600	0	1943
CP	16	1	10	64	5	152	2.687	600	0
MIP	16	1	10	64	5	152	127.235	600	0.000048375	1921
MIP2	16	1	10	64	5	152	55.078	600	0	1734
CP	16	2	10	64	5	152	2.964	600	0
MIP	16	2	10	64	5	152	146.312	600	0.000051398	1921
MIP2	16	2	10	64	5	152	95.687	600	0	1734
CP	16	3	10	64	5	152	2.518	600	0
MIP	16	3	10	64	5	152	163.266	600	0.000077198	1921
MIP2	16	3	10	64	5	152	63.093	600	0	1734
CP	17	1	10	67	5	137	24.433	600	0
MIP	17	1	10	67	5	139	600.046	600	0.107913669	2124
MIP2	17	1	10	67	5	137	529.562	600	0.000016007	1933
CP	17	2	10	67	5	137	24.987	600	0
MIP	17	2	10	67	5	139	600.031	600	0.107913669	2124
MIP2	17	2	10	67	5	137	600.016	600	0.051094891	1933
CP	17	3	10	67	5	137	25.632	600	0
MIP	17	3	10	67	5	140	600.032	600	0.114285714	2124
MIP2	17	3	10	67	5	137	600.047	600	0.077468407	1933
CP	18	1	10	70	5	143	13.357	600	0
MIP	18	1	10	70	5	149	600.094	600	0.106619076	2678
MIP2	18	1	10	70	5	146	600.031	600	0.068493151	2279
CP	18	2	10	70	5	143	12.467	600	0
MIP	18	2	10	70	5	147.999999998	600.062	600	0.094594595	2678
MIP2	18	2	10	70	5	146	600.031	600	0.068493151	2279
CP	18	3	10	70	5	143	12.363	600	0
MIP	18	3	10	70	5	145	600.047	600	0.089655172	2678
MIP2	18	3	10	70	5	148	600.047	600	0.093196645	2279
CP	19	1	10	71	5	178	1.668	600	0
MIP	19	1	10	71	5	178	50.156	600	0	2531
MIP2	19	1	10	71	5	178	25.344	600	0	2211
CP	19	2	10	71	5	178	0.611	600	0
MIP	19	2	10	71	5	178	62.969	600	0.000027191	2531
MIP2	19	2	10	71	5	178	42.985	600	0	2211
CP	19	3	10	71	5	178	0.806	600	0
MIP	19	3	10	71	5	178	60.609	600	0.00006049	2531
MIP2	19	3	10	71	5	178	22.203	600	0	2211
CP	20	1	10	78	5	164	63.795	600	0
MIP	20	1	10	78	5	175	600.047	600	0.158857143	3094
MIP2	20	1	10	78	5	167	600.047	600	0.106108162	2737
CP	20	2	10	78	5	164	58.068	600	0
MIP	20	2	10	78	5	165	600.047	600	0.121212121	3094
MIP2	20	2	10	78	5	166	600.031	600	0.111007616	2737
CP	20	3	10	78	5	164	65.905	600	0
MIP	20	3	10	78	5	182	600.093	600	0.192307692	3094
MIP2	20	3	10	78	5	167	600.282	600	0.107784431	2737
CP	21	1	15	98	10	148	0.939	600	0
MIP	21	1	15	98	10	151	600.437	600	0.01986755	4706
MIP2	21	1	15	98	10	149	600.438	600	0.026845638	3828
CP	21	2	15	98	10	148	1.443	600	0
MIP	21	2	15	98	10	148	352.5	600	6.767297334e-08	4706
MIP2	21	2	15	98	10	161	600.36	600	0.086956522	3828
CP	21	3	15	98	10	148	1.721	600	0
MIP	21	3	15	98	10	149	600.484	600	0.006711474	4706
MIP2	21	3	15	98	10	166	600.407	600	0.114457831	3828
CP	22	1	15	110	10	174	1.235	600	0
MIP	22	1	15	110	10	nfs	600.609	600	-	6274
MIP2	22	1	15	110	10	200	600.438	600	0.43	4975
CP	22	2	15	110	10	174	0.975	600	0
MIP	22	2	15	110	10	181	600.453	600	0.071823204	6274
MIP2	22	2	15	110	10	190	600.485	600	0.399999964	4975
CP	22	3	15	110	10	174	0.842	600	0
MIP	22	3	15	110	10	187	600.5	600	0.101604278	6274
MIP2	22	3	15	110	10	180	600.375	600	0.072222222	4975
CP	23	1	15	129	10	179	13.051	600	0
MIP	23	1	15	129	10	206	600.594	600	0.189320388	8068
MIP2	23	1	15	129	10	224	600.484	600	0.316964286	6520
CP	23	2	15	129	10	179	12.681	600	0
MIP	23	2	15	129	10	228	601.453	600	0.267543853	8068
MIP2	23	2	15	129	10	263	600.406	600	0.399239525	6520
CP	23	3	15	129	10	179	11.724	600	0
MIP	23	3	15	129	10	238	600.437	600	0.298319322	8068
MIP2	23	3	15	129	10	239	600.453	600	0.367804903	6520
CP	24	1	15	142	10	172	67.188	600	0
MIP	24	1	15	142	10	nfs	600.484	600	-	9824
MIP2	24	1	15	142	10	233	600.516	600	0.35193133	7980
CP	24	2	15	142	10	172	54.102	600	0
MIP	24	2	15	142	10	nfs	600.406	600	-	9824
MIP2	24	2	15	142	10	243	600.516	600	0.368693611	7980
CP	24	3	15	142	10	172	61.336	600	0
MIP	24	3	15	142	10	nfs	600.422	600	-	9824
MIP2	24	3	15	142	10	238	600.516	600	0.353641457	7980
CP	25	1	15	155	10	175	48.073	600	0
MIP	25	1	15	155	10	nfs	600.468	600	-	12364
MIP2	25	1	15	155	10	300	600.531	600	0.573333332	9824
CP	25	2	15	155	10	175	43.169	600	0
MIP	25	2	15	155	10	nfs	600.266	600	-	12364
MIP2	25	2	15	155	10	540	600.453	600	0.762962962	9824
CP	25	3	15	155	10	175	55.009	600	0
MIP	25	3	15	155	10	nfs	600.438	600	-	12364
MIP2	25	3	15	155	10	303	600.5	600	0.577557753	9824
CP	26	1	15	157	10	185	31.488	600	0
MIP	26	1	15	157	10	nfs	600.437	600	-	12306
MIP2	26	1	15	157	10	321	600.782	600	0.637506437	9787
CP	26	2	15	157	10	185	33.219	600	0
MIP	26	2	15	157	10	nfs	600.453	600	-	12306
MIP2	26	2	15	157	10	374	600.485	600	0.695693019	9787
CP	26	3	15	157	10	185	30.329	600	0
MIP	26	3	15	157	10	nfs	600.453	600	-	12306
MIP2	26	3	15	157	10	333	600.437	600	0.636636637	9787
CP	27	1	15	157	10	203	26.215	600	0
MIP	27	1	15	157	10	nfs	600.422	600	-	12282
MIP2	27	1	15	157	10	371	600.438	600	0.571519043	9608
CP	27	2	15	157	10	203	20.638	600	0
MIP	27	2	15	157	10	267	600.454	600	0.292131118	12282
MIP2	27	2	15	157	10	317	600.531	600	0.47108307	9608
CP	27	3	15	157	10	203	27.389	600	0
MIP	27	3	15	157	10	nfs	600.437	600	-	12282
MIP2	27	3	15	157	10	335	600.547	600	0.493532338	9608
CP	28	1	15	159	10	176	44.519	600	0
MIP	28	1	15	159	10	nfs	600.922	600	-	12544
MIP2	28	1	15	159	10	275	601.157	600	0.446955067	10041
CP	28	2	15	159	10	176	37.948	600	0
MIP	28	2	15	159	10	nfs	600.5	600	-	12544
MIP2	28	2	15	159	10	314	600.406	600	0.5955414	10041
CP	28	3	15	159	10	176	30.917	600	0
MIP	28	3	15	159	10	nfs	600.281	600	-	12544
MIP2	28	3	15	159	10	316	600.422	600	0.598101256	10041
CP	29	1	15	162	10	207	40.905	600	0
MIP	29	1	15	162	10	nfs	600.468	600	-	12632
MIP2	29	1	15	162	10	nfs	600.563	600	-	10073
CP	29	2	15	162	10	207	38.874	600	0
MIP	29	2	15	162	10	nfs	600.063	600	-	12632
MIP2	29	2	15	162	10	366	600.578	600	0.675774135	10073
CP	29	3	15	162	10	207	38.379	600	0
MIP	29	3	15	162	10	nfs	600.531	600	-	12632
MIP2	29	3	15	162	10	318	600.484	600	0.592801928	10073
CP	30	1	15	183	10	208	600.127	600	0.072115385
MIP	30	1	15	183	10	nfs	600.282	600	-	15731
MIP2	30	1	15	183	10	nfs	600.437	600	-	12674
CP	30	2	15	183	10	207	600.131	600	0.06763285
MIP	30	2	15	183	10	nfs	600.313	600	-	15731
MIP2	30	2	15	183	10	nfs	600.328	600	-	12674
CP	30	3	15	183	10	208	600.114	600	0.076923077
MIP	30	3	15	183	10	nfs	600.359	600	-	15731
MIP2	30	3	15	183	10	470	600.265	600	0.717525112	12674
CP	31	1	20	197	25	176	4.477	600	0
MIP	31	1	20	197	25	nfs	600.594	600	-	33825
MIP2	31	1	20	197	25	nfs	600.359	600	-	19099
CP	31	2	20	197	25	176	5.537	600	0
MIP	31	2	20	197	25	nfs	600.594	600	-	33825
MIP2	31	2	20	197	25	nfs	600.234	600	-	19099
CP	31	3	20	197	25	176	3.775	600	0
MIP	31	3	20	197	25	nfs	600.578	600	-	33825
MIP2	31	3	20	197	25	nfs	600.328	600	-	19099
CP	32	1	20	208	25	201	2.397	600	0
MIP	32	1	20	208	25	nfs	600.297	600	-	36991
MIP2	32	1	20	208	25	nfs	600.172	600	-	21031
CP	32	2	20	208	25	201	1.427	600	0
MIP	32	2	20	208	25	nfs	600.203	600	-	36991
MIP2	32	2	20	208	25	nfs	600.188	600	-	21031
CP	32	3	20	208	25	201	1.518	600	0
MIP	32	3	20	208	25	nfs	600.297	600	-	36991
MIP2	32	3	20	208	25	nfs	600.109	600	-	21031
CP	33	1	20	218	25	206	1.26	600	0
MIP	33	1	20	218	25	409	600.297	600	0.775274049	41687
MIP2	33	1	20	218	25	nfs	600.109	600	-	23264
CP	33	2	20	218	25	206	1.282	600	0
MIP	33	2	20	218	25	nfs	600.14	600	-	41687
MIP2	33	2	20	218	25	nfs	601.391	600	-	23264
CP	33	3	20	218	25	206	1.259	600	0
MIP	33	3	20	218	25	nfs	600.219	600	-	41687
MIP2	33	3	20	218	25	nfs	600.062	600	-	23264
CP	34	1	20	220	25	184	2.354	600	0
MIP	34	1	20	220	25	nfs	600.219	600	-	43347
MIP2	34	1	20	220	25	nfs	600.25	600	-	24053
CP	34	2	20	220	25	184	1.885	600	0
MIP	34	2	20	220	25	nfs	600.344	600	-	43347
MIP2	34	2	20	220	25	nfs	600.093	600	-	24053
CP	34	3	20	220	25	184	2.105	600	0
MIP	34	3	20	220	25	nfs	600.406	600	-	43347
MIP2	34	3	20	220	25	nfs	600.312	600	-	24053
CP	35	1	20	220	25	213	1.504	600	0
MIP	35	1	20	220	25	nfs	600.157	600	-	40590
MIP2	35	1	20	220	25	nfs	600.125	600	-	23493
CP	35	2	20	220	25	213	1.79	600	0
MIP	35	2	20	220	25	nfs	600.296	600	-	40590
MIP2	35	2	20	220	25	nfs	600.172	600	-	23493
CP	35	3	20	220	25	213	1.968	600	0
MIP	35	3	20	220	25	nfs	600.328	600	-	40590
MIP2	35	3	20	220	25	nfs	600.266	600	-	23493
CP	36	1	20	223	25	160	3.221	600	0
MIP	36	1	20	223	25	nfs	600.375	600	-	46276
MIP2	36	1	20	223	25	nfs	600.141	600	-	25002
CP	36	2	20	223	25	160	3.445	600	0
MIP	36	2	20	223	25	nfs	600.484	600	-	46276
MIP2	36	2	20	223	25	nfs	600.172	600	-	25002
CP	36	3	20	223	25	160	2.993	600	0
MIP	36	3	20	223	25	nfs	600.328	600	-	46276
MIP2	36	3	20	223	25	nfs	600.218	600	-	25002
CP	37	1	20	231	25	191	2.681	600	0
MIP	37	1	20	231	25	421	600.406	600	0.605700713	46532
MIP2	37	1	20	231	25	nfs	600.532	600	-	26022
CP	37	2	20	231	25	191	2.625	600	0
MIP	37	2	20	231	25	nfs	600.468	600	-	46532
MIP2	37	2	20	231	25	nfs	600.421	600	-	26022
CP	37	3	20	231	25	191	2.971	600	0
MIP	37	3	20	231	25	nfs	600.39	600	-	46532
MIP2	37	3	20	231	25	nfs	600.125	600	-	26022
CP	38	1	20	255	25	182	8.323	600	0
MIP	38	1	20	255	25	nfs	600.219	600	-	59805
MIP2	38	1	20	255	25	nfs	600.531	600	-	32459
CP	38	2	20	255	25	182	17.928	600	0
MIP	38	2	20	255	25	nfs	600.89	600	-	59805
MIP2	38	2	20	255	25	nfs	600.5	600	-	32459
CP	38	3	20	255	25	182	11.414	600	0
MIP	38	3	20	255	25	nfs	600.266	600	-	59805
MIP2	38	3	20	255	25	nfs	600.422	600	-	32459
CP	39	1	20	290	25	193	13.257	600	0
MIP	39	1	20	290	25	nfs	600.906	600	-	71802
MIP2	39	1	20	290	25	nfs	601.891	600	-	40343
CP	39	2	20	290	25	193	11.486	600	0
MIP	39	2	20	290	25	nfs	601.031	600	-	71802
MIP2	39	2	20	290	25	nfs	600.625	600	-	40343
CP	39	3	20	290	25	193	11.268	600	0
MIP	39	3	20	290	25	nfs	600.906	600	-	71802
MIP2	39	3	20	290	25	nfs	600.594	600	-	40343
CP	40	1	20	300	25	202	15.376	600	0
MIP	40	1	20	300	25	nfs	600.688	600	-	81199
MIP2	40	1	20	300	25	nfs	600.765	600	-	44474
CP	40	2	20	300	25	202	11.296	600	0
MIP	40	2	20	300	25	nfs	600.703	600	-	81199
MIP2	40	2	20	300	25	nfs	600.766	600	-	44474
CP	40	3	20	300	25	202	10.478	600	0
MIP	40	3	20	300	25	nfs	601.218	600	-	81199
MIP2	40	3	20	300	25	nfs	600.797	600	-	44474
